,Old GTS2004,New GTS2012
0,359.14,358.85
1,359.38,359.05
2,359.49,359.14
3,359.69,359.3
4,359.78,359.37
5,359.88,359.45
6,359.92,359.49
7,360.05,359.59
8,360.9,360.29
9,361.08,360.43
10,361.25,360.57
11,361.42,360.71
12,361.53,360.8
13,361.73,360.97
14,362.37,361.49
15,362.46,361.57
16,362.54,361.63
17,362.74,361.8
18,362.77,361.82
19,362.89,361.92
20,363.09,362.08
21,363.61,362.51
22,363.63,362.53
23,363.74,362.62
24,363.81,362.68
25,363.99,362.83
26,364.19,363.0
27,364.31,363.1
28,364.37,363.15
29,364.62,363.35
30,364.68,363.41
31,364.74,363.46
32,364.79,363.5
33,364.87,363.56
34,364.88,363.57
35,364.91,363.6
36,364.95,363.63
37,365.02,363.69
38,365.19,363.83
39,365.32,363.94
40,365.36,363.98
41,365.5,364.09
42,365.68,364.25
43,365.7,364.26
44,365.8,364.35
45,365.86,364.4
46,365.95,364.47
47,365.97,364.49
48,366.05,364.56
49,366.11,364.61
50,366.2,364.69
51,366.22,364.7
52,366.47,364.91
53,366.54,364.97
54,366.59,365.02
55,366.62,365.04
56,366.86,365.25
57,366.86,365.25
58,366.86,365.25
59,367.05,365.41
60,367.11,365.46
61,367.24,365.57
62,367.29,365.62
63,367.37,365.69
64,367.39,365.7
65,367.45,365.75
66,367.51,365.81
67,367.53,365.82
68,367.55,365.84
69,367.61,365.89
70,367.71,365.98
71,367.74,366.01
72,367.74,366.01
73,367.79,366.05
74,367.82,366.07
75,367.88,366.13
76,367.88,366.13
77,367.95,366.19
78,367.97,366.2
79,368.02,366.25
80,368.05,366.27
81,368.06,366.28
82,368.08,366.3
83,368.08,366.3
84,368.2,366.4
85,368.29,366.48
86,368.33,366.52
87,368.54,366.7
88,368.57,366.73
89,368.62,366.77
90,368.72,366.86
91,368.72,366.86
92,368.87,366.99
93,368.93,367.04
94,368.96,367.07
95,369.09,367.19
96,369.22,367.3
97,369.37,367.43
98,369.39,367.45
99,369.49,367.54
100,369.52,367.57
101,369.59,367.63
102,369.66,367.69
103,369.82,367.83
104,369.89,367.9
105,370.15,368.13
106,370.51,368.45
107,370.52,368.46
108,370.61,368.54
109,370.81,368.73
110,370.89,368.8
111,370.96,368.86
112,371.05,368.94
113,371.34,369.21
114,371.37,369.24
115,371.45,369.31
116,371.68,369.52
117,371.7,369.54
118,371.79,369.62
119,371.86,369.69
120,371.87,369.7
121,371.94,369.76
122,371.97,369.79
123,371.97,369.79
124,372.07,369.88
125,372.08,369.89
126,372.11,369.92
127,372.16,369.97
128,372.19,370.0
129,372.31,370.11
130,372.31,370.11
131,372.44,370.23
132,372.44,370.23
133,372.59,370.37
134,372.64,370.42
135,372.65,370.43
136,372.72,370.49
137,372.78,370.55
138,372.86,370.62
139,372.92,370.68
140,372.96,370.72
141,373.0,370.76
142,373.14,370.89
143,373.16,370.91
144,373.17,370.92
145,373.19,370.94
146,373.22,370.97
147,373.3,371.04
148,373.38,371.12
149,373.42,371.16
150,373.5,371.23
151,373.5,371.23
152,373.55,371.28
153,373.58,371.31
154,373.6,371.33
155,373.63,371.36
156,373.64,371.37
157,373.65,371.38
158,373.67,371.4
159,373.73,371.45
160,373.75,371.47
161,373.89,371.61
162,373.91,371.63
163,373.97,371.68
164,374.06,371.77
165,374.08,371.79
166,374.1,371.81
167,374.14,371.85
168,374.17,371.88
169,374.19,371.9
170,374.24,371.95
171,374.25,371.96
172,374.3,372.0
173,374.32,372.02
174,374.32,372.02
175,374.35,372.05
176,374.41,372.11
177,374.45,372.15
178,374.47,372.17
179,374.5,372.2
180,374.5,372.2
181,374.5,372.2
182,374.52,372.22
183,374.6,372.3
184,374.64,372.34
185,374.64,372.34
186,374.69,372.39
187,374.7,372.4
188,374.86,372.55
189,375.02,372.71
190,375.03,372.72
191,375.08,372.77
192,375.08,372.77
193,375.1,372.79
194,375.22,372.91
195,375.26,372.95
196,375.26,372.95
197,375.27,372.96
198,375.29,372.98
199,375.44,373.13
200,375.48,373.17
201,375.48,373.17
202,375.48,373.17
203,375.64,373.33
204,375.65,373.34
205,375.68,373.37
206,375.68,373.37
207,375.7,373.39
208,375.74,373.43
209,375.74,373.43
210,375.76,373.45
211,375.92,373.61
212,375.93,373.62
213,375.96,373.65
214,375.96,373.65
215,375.99,373.68
216,376.09,373.78
217,376.15,373.84
218,376.19,373.88
219,376.19,373.88
220,376.19,373.88
221,376.24,373.93
222,376.29,373.98
223,376.31,374.0
224,376.35,374.04
225,376.37,374.06
226,376.39,374.08
227,376.39,374.08
228,376.42,374.11
229,376.45,374.14
230,376.48,374.17
231,376.54,374.23
232,376.55,374.24
233,376.58,374.27
234,376.59,374.28
235,376.59,374.28
236,376.62,374.31
237,376.66,374.35
238,376.67,374.36
239,376.69,374.38
240,376.73,374.42
241,376.73,374.42
242,376.76,374.45
243,376.76,374.45
244,376.77,374.46
245,376.78,374.47
246,376.79,374.48
247,376.79,374.48
248,376.81,374.5
249,376.83,374.52
250,376.84,374.53
251,376.86,374.55
252,376.88,374.57
253,376.89,374.58
254,376.94,374.63
255,376.97,374.66
256,376.98,374.67
257,377.06,374.75
258,377.1,374.8
259,377.17,374.87
260,377.18,374.88
261,377.19,374.89
262,377.32,375.02
263,377.33,375.03
264,377.34,375.04
265,377.5,375.2
266,377.54,375.24
267,377.55,375.25
268,377.64,375.34
269,377.68,375.38
270,377.75,375.45
271,377.79,375.49
272,377.79,375.49
273,377.88,375.59
274,378.59,376.31
275,381.31,379.02
276,381.36,379.07
277,381.39,379.1
278,381.58,379.29
279,383.44,381.05
280,383.5,381.11
281,383.56,381.16
282,383.69,381.28
283,383.69,381.28
284,383.92,381.49
285,384.13,381.68
286,384.31,381.84
287,384.35,381.88
288,384.38,381.9
289,384.42,381.94
290,384.44,381.96
291,384.55,382.05
292,384.55,382.05
293,384.64,382.13
294,384.68,382.17
295,384.75,382.23
296,384.77,382.24
297,384.8,382.27
298,384.94,382.39
299,385.07,382.5
300,385.12,382.55
301,385.17,382.59
302,385.23,382.64
303,385.33,382.73
304,385.37,382.76
305,385.38,382.77
306,385.4,382.78
307,385.4,382.78
308,385.44,382.82
309,385.5,382.87
310,385.52,382.89
311,385.53,382.89
312,385.56,382.92
313,385.59,382.94
314,385.72,383.05
315,385.8,383.12
316,385.82,383.13
317,385.86,383.17
318,385.9,383.2
319,385.91,383.21
320,385.95,383.24
321,385.98,383.27
322,386.01,383.29
323,386.01,383.29
324,386.02,383.3
325,386.09,383.36
326,386.11,383.37
327,386.15,383.4
328,386.22,383.46
329,386.22,383.46
330,386.23,383.47
331,386.24,383.48
332,386.26,383.49
333,386.27,383.5
334,386.28,383.51
335,386.31,383.53
336,386.32,383.54
337,386.33,383.55
338,386.34,383.56
339,386.36,383.57
340,386.37,383.58
341,386.37,383.58
342,386.39,383.6
343,386.41,383.61
344,386.43,383.63
345,386.56,383.73
346,386.98,384.07
347,387.01,384.09
348,387.02,384.1
349,387.22,384.25
350,387.28,384.3
351,387.42,384.41
352,387.43,384.42
353,387.53,384.49
354,387.55,384.51
355,387.61,384.56
356,387.66,384.59
357,387.8,384.7
358,388.29,385.07
359,388.91,385.54
360,389.31,385.84
361,389.71,386.14
362,390.0,386.35
363,390.09,386.42
364,390.11,386.43
365,390.47,386.7
366,390.54,386.75
367,390.86,386.99
368,390.86,386.99
369,390.89,387.01
370,391.06,387.14
371,391.07,387.15
372,391.19,387.24
373,391.19,387.24
374,391.2,387.25
375,391.22,387.26
376,391.25,387.28
377,391.68,387.61
378,391.7,387.62
379,392.22,388.02
380,392.52,388.26
381,392.59,388.31
382,393.1,388.72
383,393.34,388.91
384,393.69,389.21
385,393.75,389.26
386,393.9,389.39
387,393.94,389.42
388,394.84,390.25
389,395.04,390.44
390,395.11,390.51
391,395.27,390.67
392,395.28,390.68
393,395.29,390.69
394,395.52,390.93
395,395.56,390.97
396,395.63,391.04
397,395.74,391.16
398,395.77,391.19
399,396.06,391.51
400,396.13,391.59
401,396.2,391.67
402,396.39,391.89
403,396.44,391.95
404,396.72,392.29
405,396.75,392.33
406,396.77,392.35
407,396.93,392.55
408,397.09,392.75
409,397.14,392.82
410,397.29,393.02
411,397.33,393.07
412,397.42,393.19
413,397.43,393.2
414,397.54,393.35
415,397.64,393.49
416,397.73,393.62
417,397.73,393.62
418,397.74,393.63
419,397.82,393.75
420,397.94,393.92
421,398.0,394.01
422,398.09,394.14
423,398.15,394.23
424,398.37,394.56
425,398.39,394.59
426,398.42,394.64
427,398.5,394.76
428,398.56,394.85
429,398.74,395.13
430,398.87,395.34
431,399.04,395.61
432,399.1,395.71
433,399.29,396.01
434,399.31,396.05
435,399.37,396.14
436,399.98,397.16
437,400.08,397.33
438,400.15,397.45
439,400.46,397.98
440,400.58,398.19
441,400.67,398.34
442,400.91,398.76
443,401.12,399.12
444,401.21,399.27
445,401.31,399.45
446,401.53,399.83
447,401.62,399.98
448,402.05,400.72
449,402.26,401.08
450,402.76,401.92
451,403.95,403.84
452,403.97,403.87
453,403.98,403.88
454,403.99,403.9
455,404.0,403.91
456,404.05,403.99
457,405.3,405.76
458,405.3,405.76
459,405.62,406.16
460,405.66,406.21
461,405.75,406.31
462,405.76,406.33
463,406.25,406.88
464,406.3,406.93
465,406.35,406.98
466,406.83,407.45
467,406.88,407.5
468,408.39,408.57
469,408.43,408.6
470,408.88,408.87
471,409.28,409.12
472,409.44,409.23
473,409.45,409.23
474,409.46,409.24
475,409.47,409.25
476,409.51,409.27
477,409.53,409.29
478,409.56,409.31
479,409.57,409.31
480,409.59,409.33
481,409.6,409.34
482,409.61,409.34
483,409.63,409.36
484,409.66,409.38
485,409.7,409.41
486,409.71,409.41
487,409.71,409.41
488,409.72,409.42
489,409.73,409.43
490,409.74,409.43
491,409.77,409.46
492,409.79,409.47
493,409.82,409.49
494,409.83,409.5
495,409.85,409.51
496,409.87,409.53
497,409.89,409.54
498,409.93,409.57
499,409.99,409.62
500,410.1,409.71
501,410.13,409.73
502,410.43,409.99
503,410.56,410.11
504,410.64,410.19
505,410.74,410.29
506,411.09,410.67
507,411.12,410.7
508,411.2,410.8
509,411.2,410.8
510,411.23,410.84
511,411.26,410.87
512,411.34,410.98
513,411.4,411.05
514,411.55,411.25
515,411.59,411.31
516,411.62,411.35
517,411.62,411.35
518,411.68,411.44
519,411.7,411.47
520,411.75,411.54
521,411.82,411.64
522,411.88,411.73
523,411.94,411.82
524,412.18,412.2
525,412.31,412.41
526,412.37,412.51
527,412.43,412.61
528,412.49,412.71
529,412.53,412.78
530,412.63,412.95
531,412.67,413.02
532,412.82,413.29
533,412.84,413.32
534,412.87,413.38
535,412.91,413.45
536,412.91,413.45
537,412.94,413.5
538,412.99,413.59
539,413.0,413.61
540,413.01,413.63
541,413.01,413.63
542,413.09,413.77
543,413.16,413.9
544,413.18,413.94
545,413.2,413.98
546,413.22,414.01
547,413.22,414.01
548,413.22,414.01
549,413.23,414.03
550,413.34,414.24
551,413.52,414.58
552,413.54,414.62
553,413.57,414.67
554,413.94,415.38
555,414.0,415.5
556,414.01,415.52
557,414.07,415.63
558,414.1,415.69
559,414.1,415.69
560,414.11,415.71
561,414.13,415.75
562,414.13,415.75
563,414.16,415.81
564,414.33,416.13
565,414.34,416.15
566,414.35,416.17
567,414.76,416.96
568,414.81,417.05
569,414.86,417.15
570,415.01,417.43
571,415.03,417.47
572,415.26,417.9
573,415.52,418.37
574,415.58,418.48
575,415.6,418.51
576,415.63,418.56
577,415.69,418.67
578,415.73,418.74
579,415.78,418.83
580,415.89,419.01
581,415.92,419.07
582,415.94,419.1
583,415.96,419.13
584,415.97,419.15
585,416.14,419.43
586,416.27,419.64
587,416.29,419.67
588,416.32,419.72
589,416.4,419.85
590,416.5,420.0
591,416.56,420.09
592,416.61,420.17
593,416.61,420.17
594,416.67,420.26
595,416.74,420.36
596,416.77,420.41
597,416.94,420.65
598,417.06,420.83
599,417.12,420.91
600,417.13,420.93
601,417.22,421.05
602,417.4,421.3
603,417.49,421.42
604,417.58,421.54
605,417.66,421.65
606,417.75,421.77
607,417.82,421.86
608,417.89,421.96
609,417.98,422.07
610,418.05,422.17
611,418.21,422.37
612,418.29,422.48
613,418.48,422.72
614,418.57,422.83
615,418.63,422.91
616,418.68,422.97
617,418.7,423.0
618,418.71,423.01
619,418.72,423.03
620,418.75,423.06
621,418.77,423.09
622,418.78,423.1
623,418.88,423.23
624,418.97,423.35
625,419.09,423.5
626,419.19,423.63
627,419.21,423.65
628,419.26,423.72
629,419.29,423.76
630,419.34,423.82
631,419.45,423.97
632,419.51,424.04
633,419.55,424.1
634,419.61,424.18
635,419.66,424.24
636,419.71,424.31
637,419.75,424.36
638,420.01,424.71
